(2,103)	(103,1250)	(1250,2703)	(2703,578)	(578,119)	(119,16)	(16,1965)	(1965,633)	(633,1909)	(1909,72)	(72,58)	(58,39)	(39,29)	(29,1566)	(1566,9)	(9,247)	(247,0)	(0,475)	(475,2098)	(2098,1875)	(1875,932)	(932,1050)	(1050,1690)	(1690,1392)	(1392,286)	(286,506)	(506,1369)	(1369,1570)	(1570,505)
(2,1844)	(1844,533)	(533,347)	(347,855)	(855,229)	(229,1592)	(1592,2)	(2,223)	(223,299)	(299,71)	(71,21)	(21,209)	(209,1566)	(1566,9)	(9,2823)	(2823,67)	(67,66)	(66,115)	(115,1528)	(1528,2219)	(2219,176)	(176,1229)	(1229,2439)	(2439,1054)	(1054,2439)	(2439,773)	(773,8)	(8,1056)	(1056,1534)
(2,2206)	(2206,1420)	(1420,142)	(142,598)	(598,184)	(184,156)	(156,963)	(963,179)	(179,1016)	(1016,1551)	(1551,1080)	(1080,1722)	(1722,212)	(212,206)	(206,2016)	(2016,2652)	(2652,2054)	(2054,1726)	(1726,2299)	(2299,103)	(103,236)	(236,424)	(424,742)	(742,1474)	(1474,636)	(636,389)	(389,2221)	(2221,87)	(87,834)
(2,442)	(442,1427)	(1427,529)	(529,273)	(273,342)	(342,1270)	(1270,97)	(97,1651)	(1651,768)	(768,1119)	(1119,2102)	(2102,2347)	(2347,1741)	(1741,1488)	(1488,2703)	(2703,2908)	(2908,2506)	(2506,1570)	(1570,2956)	(2956,1566)	(1566,827)	(827,17)	(17,1071)	(1071,1119)	(1119,2665)	(2665,591)	(591,1438)	(1438,0)	(0,221)
(2,2828)	(2828,2916)	(2916,2929)	(2929,2916)	(2916,1610)	(1610,805)	(805,1282)	(1282,2360)	(2360,1282)	(1282,1643)	(1643,2064)	(2064,2641)	(2641,477)	(477,43)	(43,2725)	(2725,2058)	(2058,336)	(336,132)	(132,598)	(598,2299)	(2299,1482)	(1482,1611)	(1611,1671)	(1671,2392)	(2392,1183)	(1183,1438)	(1438,652)	(652,193)	(193,1596)
(2,543)	(543,136)	(136,313)	(313,74)	(74,81)	(81,597)	(597,735)	(735,635)	(635,2234)	(2234,385)	(385,66)	(66,1)	(1,129)	(129,2778)	(2778,1096)	(1096,180)	(180,800)	(800,187)	(187,951)	(951,406)	(406,1650)	(1650,508)	(508,584)	(584,2155)	(2155,718)	(718,1231)	(1231,1630)	(1630,874)	(874,2076)
(2,118)	(118,99)	(99,642)	(642,1254)	(1254,2042)	(2042,890)	(890,1664)	(1664,73)	(73,15)	(15,429)	(429,1843)	(1843,2836)	(2836,2550)	(2550,1230)	(1230,2234)	(2234,1915)	(1915,103)	(103,372)	(372,2339)	(2339,2145)	(2145,1309)	(1309,1970)	(1970,709)	(709,2739)	(2739,2124)	(2124,1805)	(1805,1923)	(1923,81)	(81,522)
(2,771)	(771,1570)	(1570,1039)	(1039,1121)	(1121,769)	(769,952)	(952,383)	(383,39)	(39,29)	(29,985)	(985,11)	(11,188)	(188,2258)	(2258,2459)	(2459,905)	(905,330)	(330,1347)	(1347,2424)	(2424,2368)	(2368,2649)	(2649,809)	(809,2945)	(2945,809)	(809,2631)	(2631,1438)	(1438,1052)	(1052,2131)	(2131,2064)	(2064,513)
(2,226)	(226,1166)	(1166,895)	(895,1889)	(1889,2219)	(2219,976)	(976,496)	(496,516)	(516,32)	(32,462)	(462,2623)	(2623,2391)	(2391,1367)	(1367,894)	(894,1807)	(1807,2016)	(2016,2048)	(2048,184)	(184,306)	(306,174)	(174,611)	(611,1141)	(1141,717)	(717,992)	(992,2299)	(2299,1953)	(1953,2473)	(2473,1339)	(1339,2473)
(2,8)	(8,2642)	(2642,1374)	(1374,1279)	(1279,115)	(115,386)	(386,1261)	(1261,1351)	(1351,330)	(330,97)	(97,80)	(80,90)	(90,231)	(231,957)	(957,1600)	(1600,516)	(516,2268)	(2268,2635)	(2635,2110)	(2110,1343)	(1343,1690)	(1690,1638)	(1638,48)	(48,1448)	(1448,1476)	(1476,838)	(838,459)	(459,2469)	(2469,1776)
(2,2882)	(2882,215)	(215,2291)	(2291,2724)	(2724,2245)	(2245,2750)	(2750,2686)	(2686,1459)	(1459,2368)	(2368,1847)	(1847,1938)	(1938,1984)	(1984,1839)	(1839,934)	(934,1550)	(1550,1427)	(1427,489)	(489,478)	(478,538)	(538,1456)	(1456,529)	(529,29)	(29,2024)	(2024,107)	(107,95)	(95,152)	(152,205)	(205,1354)	(1354,144)
(2,1669)	(1669,1832)	(1832,1265)	(1265,1309)	(1309,1260)	(1260,422)	(422,1260)	(1260,1743)	(1743,64)	(64,1624)	(1624,2252)	(2252,1198)	(1198,2579)	(2579,74)	(74,2528)	(2528,1896)	(1896,2453)	(2453,167)	(167,1437)	(1437,1125)	(1125,2730)	(2730,193)	(193,1954)	(1954,1784)	(1784,1462)	(1462,1495)	(1495,410)	(410,990)	(990,58)
(2,2233)	(2233,1048)	(1048,167)	(167,1517)	(1517,2744)	(2744,2117)	(2117,356)	(356,262)	(262,2758)	(2758,729)	(729,2384)	(2384,58)	(58,2852)	(2852,2616)	(2616,2452)	(2452,1910)	(1910,200)	(200,548)	(548,2818)	(2818,548)	(548,184)	(184,2206)	(2206,578)	(578,43)	(43,1003)	(1003,492)	(492,1892)	(1892,445)	(445,1166)
(2,2248)	(2248,742)	(742,2856)	(2856,1395)	(1395,424)	(424,1478)	(1478,1863)	(1863,0)	(0,501)	(501,421)	(421,1889)	(1889,2889)	(2889,386)	(386,581)	(581,1018)	(1018,1954)	(1954,286)	(286,460)	(460,2193)	(2193,2813)	(2813,193)	(193,166)	(166,2073)	(2073,1230)	(1230,967)	(967,2098)	(2098,1830)	(1830,87)	(87,467)
(2,174)	(174,29)	(29,156)	(156,1961)	(1961,125)	(125,257)	(257,2816)	(2816,369)	(369,13)	(13,2703)	(2703,1623)	(1623,727)	(727,967)	(967,1236)	(1236,1564)	(1564,772)	(772,1144)	(1144,2130)	(2130,2336)	(2336,1658)	(1658,1533)	(1533,2877)	(2877,1909)	(1909,440)	(440,522)	(522,461)	(461,959)	(959,1088)	(1088,440)
(2,2828)	(2828,2712)	(2712,48)	(48,2006)	(2006,198)	(198,384)	(384,1175)	(1175,2357)	(2357,1035)	(1035,2081)	(2081,2234)	(2234,1043)	(1043,1688)	(1688,2285)	(2285,1666)	(1666,2398)	(2398,188)	(188,1124)	(1124,43)	(43,257)	(257,746)	(746,257)	(257,66)	(66,159)	(159,1684)	(1684,2275)	(2275,1840)	(1840,1096)	(1096,583)
(2,402)	(402,131)	(131,2493)	(2493,1220)	(1220,684)	(684,661)	(661,1943)	(1943,103)	(103,2813)	(2813,1085)	(1085,1690)	(1690,1098)	(1098,1912)	(1912,2735)	(2735,1953)	(1953,2852)	(2852,58)	(58,901)	(901,1938)	(1938,1741)	(1741,732)	(732,1741)	(1741,967)	(967,1654)	(1654,750)	(750,0)	(0,72)	(72,66)	(66,905)
(2,157)	(157,34)	(34,747)	(747,1640)	(1640,1754)	(1754,660)	(660,2034)	(2034,563)	(563,175)	(175,2963)	(2963,667)	(667,34)	(34,1951)	(1951,28)	(28,6)	(6,35)	(35,872)	(872,2490)	(2490,872)	(872,486)	(486,923)	(923,1882)	(1882,1603)	(1603,2128)	(2128,523)	(523,656)	(656,651)	(651,589)	(589,1822)
(2,1389)	(1389,2188)	(2188,1690)	(1690,48)	(48,577)	(577,1712)	(1712,262)	(262,356)	(356,1057)	(1057,1757)	(1757,28)	(28,159)	(159,330)	(330,1183)	(1183,1745)	(1745,2252)	(2252,1632)	(1632,874)	(874,667)	(667,296)	(296,666)	(666,67)	(67,2642)	(2642,599)	(599,1635)	(1635,392)	(392,1765)	(1765,2001)	(2001,1172)
(2,68)	(68,621)	(621,899)	(899,1891)	(1891,2415)	(2415,2086)	(2086,970)	(970,1981)	(1981,1312)	(1312,841)	(841,2028)	(2028,103)	(103,28)	(28,1951)	(1951,985)	(985,1566)	(1566,2224)	(2224,2671)	(2671,1309)	(1309,2330)	(2330,193)	(193,2785)	(2785,119)	(119,24)	(24,1784)	(1784,617)	(617,648)	(648,1309)	(1309,2442)
(2,184)	(184,193)	(193,990)	(990,1309)	(1309,2655)	(2655,1659)	(1659,724)	(724,72)	(72,159)	(159,34)	(34,1690)	(1690,2053)	(2053,2872)	(2872,764)	(764,2277)	(2277,271)	(271,635)	(635,220)	(220,2813)	(2813,2352)	(2352,468)	(468,1960)	(1960,1013)	(1013,800)	(800,1556)	(1556,2635)	(2635,790)	(790,786)	(786,0)
(2,635)	(635,2731)	(2731,1777)	(1777,915)	(915,506)	(506,2248)	(2248,1217)	(1217,2767)	(2767,1220)	(1220,684)	(684,1996)	(1996,724)	(724,504)	(504,1158)	(1158,2834)	(2834,2927)	(2927,1467)	(1467,735)	(735,1734)	(1734,145)	(145,2064)	(2064,2426)	(2426,943)	(943,1611)	(1611,921)	(921,442)	(442,1427)	(1427,223)	(223,2723)
(2,2686)	(2686,1459)	(1459,2499)	(2499,2703)	(2703,1186)	(1186,358)	(358,1673)	(1673,2452)	(2452,217)	(217,1227)	(1227,217)	(217,2589)	(2589,0)	(0,2488)	(2488,41)	(41,486)	(486,1781)	(1781,2700)	(2700,1129)	(1129,2527)	(2527,103)	(103,1279)	(1279,1374)	(1374,1478)	(1478,580)	(580,84)	(84,85)	(85,1546)	(1546,510)
(2,226)	(226,890)	(890,2158)	(2158,1388)	(1388,845)	(845,2902)	(2902,1712)	(1712,42)	(42,914)	(914,6)	(6,2841)	(2841,187)	(187,2649)	(2649,347)	(347,897)	(897,347)	(347,2008)	(2008,1138)	(1138,1043)	(1043,766)	(766,2642)	(2642,630)	(630,604)	(604,1683)	(1683,2858)	(2858,224)	(224,1994)	(1994,1734)	(1734,309)
(2,46)	(46,2527)	(2527,773)	(773,243)	(243,1614)	(1614,206)	(206,1135)	(1135,2422)	(2422,1135)	(1135,2771)	(2771,2463)	(2463,878)	(878,2809)	(2809,622)	(622,2560)	(2560,2886)	(2886,769)	(769,106)	(106,1179)	(1179,2252)	(2252,1350)	(1350,1513)	(1513,132)	(132,842)	(842,54)	(54,2858)	(2858,1207)	(1207,1356)	(1356,401)
(2,157)	(157,972)	(972,157)	(157,103)	(103,372)	(372,2339)	(2339,861)	(861,2054)	(2054,794)	(794,889)	(889,666)	(666,692)	(692,1972)	(1972,2068)	(2068,1361)	(1361,1633)	(1633,2493)	(2493,516)	(516,723)	(723,0)	(0,1060)	(1060,1330)	(1330,2353)	(2353,1914)	(1914,400)	(400,205)	(205,53)	(53,952)	(952,769)
(2,43)	(43,2140)	(2140,870)	(870,72)	(72,209)	(209,1380)	(1380,2793)	(2793,1030)	(1030,0)	(0,1644)	(1644,131)	(131,2107)	(2107,556)	(556,529)	(529,214)	(214,2304)	(2304,1185)	(1185,1614)	(1614,1041)	(1041,206)	(206,147)	(147,108)	(108,11)	(11,2291)	(2291,1533)	(1533,1943)	(1943,661)	(661,2763)	(2763,14)
(2,108)	(108,835)	(835,1045)	(1045,92)	(92,995)	(995,1231)	(1231,406)	(406,659)	(659,597)	(597,826)	(826,2828)	(2828,145)	(145,1419)	(1419,2322)	(2322,1438)	(1438,1052)	(1052,2131)	(2131,2953)	(2953,1289)	(1289,2613)	(2613,1786)	(1786,1020)	(1020,92)	(92,516)	(516,1724)	(1724,46)	(46,839)	(839,1854)	(1854,377)
(2,2188)	(2188,1084)	(1084,381)	(381,327)	(327,1954)	(1954,747)	(747,106)	(106,1035)	(1035,2600)	(2600,2801)	(2801,521)	(521,1119)	(1119,175)	(175,2739)	(2739,1266)	(1266,347)	(347,1734)	(1734,1300)	(1300,2410)	(2410,60)	(60,983)	(983,2575)	(2575,765)	(765,2789)	(2789,2519)	(2519,545)	(545,1925)	(1925,294)	(294,1925)
(2,211)	(211,1691)	(1691,2945)	(2945,2631)	(2631,2955)	(2955,6)	(6,1064)	(1064,694)	(694,1309)	(1309,2630)	(2630,1405)	(1405,2219)	(2219,115)	(115,1279)	(1279,387)	(387,368)	(368,103)	(103,1669)	(1669,1122)	(1122,874)	(874,633)	(633,28)	(28,58)	(58,2078)	(2078,325)	(325,119)	(119,1158)	(1158,10)	(10,67)
